2. РОДИВШИЕСЯ, УМЕРШИЕ И ЕСТЕСТВЕННЫЙ ПРИРОСТ НАСЕЛЕНИЯ ПО СУБЪЕКТАМ РОССИЙСКОЙ ФЕДЕРАЦИИ								
								
	  Число родившихся		Прирост, снижение           /-/	  Число  умерших		Прирост, снижение           /-/	Естественный прирост, убыль (-)	
								
	2010г.	2009г.		2010г.	2009г.		2010г.	2009г.
								
РОССИЙСКАЯ ФЕДЕРАЦИЯ	1788948	1761687	27261	2028516	2010543	17973	-239568	-248856
Центральный федеральный округ	410374	400644	9730	583581	574534	9047	-173207	-173890
Белгородская область	16635	16845	-210	22027	22011	16	-5392	-5166
Брянская область	13727	14401	-674	21775	21964	-189	-8048	-7563
Владимирская область	15542	15551	-9	26082	26407	-325	-10540	-10856
Воронежская область	23804	23559	245	39767	38581	1186	-15963	-15022
Ивановская область	11078	11390	-312	19604	19887	-283	-8526	-8497
Калужская область	11131	10537	594	16730	16762	-32	-5599	-6225
Костромская область	8104	8155	-51	11861	11900	-39	-3757	-3745
Курская область	12587	12462	125	19852	20236	-384	-7265	-7774
Липецкая область	12803	12654	149	19582	19145	437	-6779	-6491
Московская область	76881	74137	2744	108957	107079	1878	-32076	-32942
Орловская область	8687	8447	240	13724	13498	226	-5037	-5051
Рязанская область	11844	11643	201	20964	20573	391	-9120	-8930
Смоленская область	10307	10486	-179	18137	18660	-523	-7830	-8174
Тамбовская область	10350	10146	204	19198	18887	311	-8848	-8741
Тверская область	14864	15084	-220	27333	27238	95	-12469	-12154
Тульская область	14723	14751	-28	30049	29964	85	-15326	-15213
Ярославская область	14345	14315	30	21907	21665	242	-7562	-7350
г.Москва	122962	116081	6881	126032	120077	5955	-3070	-3996
Северо-Западный федеральный округ	154900	151712	3188	202813	204586	-1773	-47913	-52874
Республика Карелия	7792	7884	-92	10451	10599	-148	-2659	-2715
Республика Коми	11648	11868	-220	11819	12182	-363	-171	-314
Архангельская область	15466	15499	-33	17975	18067	-92	-2509	-2568
  Ненецкий автономный округ	699	695	4	500	495	5	199	200
Вологодская область	15102	15095	7	20174	19742	432	-5072	-4647
Калининградская область	10699	10823	-124	13317	13656	-339	-2618	-2833
Ленинградская область	15032	15023	9	27097	27732	-635	-12065	-12709
Мурманская область	9320	9074	246	9513	10050	-537	-193	-976
Новгородская область	7203	7178	25	12751	13137	-386	-5548	-5959
Псковская область	7078	7171	-93	14322	14502	-180	-7244	-7331
г.Санкт-Петербург	55560	52097	3463	65394	64919	475	-9834	-12822
Южный федеральный округ	164085	163419	666	194892	193256	1636	-30807	-29837
Республика Адыгея	5688	5513	175	6188	6219	-31	-500	-706
Республика Калмыкия	4432	4270	162	3191	3115	76	1241	1155
Краснодарский край	63624	63730	-106	70728	70497	231	-7104	-6767
Астраханская область	14307	14279	28	13636	13459	177	671	820
Волгоградская область	29427	29507	-80	38270	37670	600	-8843	-8163
Ростовская область	46607	46120	487	62879	62296	583	-16272	-16176
Северо-Кавказский федеральный округ	163020	157573	5447	80989	81969	-980	82031	75604
Республика Дагестан	52057	50416	1641	17013	16737	276	35044	33679
Республика Ингушетия	11178	9572	1606	1857	1877	-20	9321	7695
Кабардино-Балкарская Республика	12576	12143	433	8080	8406	-326	4496	3737
Карачаево-Черкесская Республика	6139	6200	-61	4737	4711	26	1402	1489
Республика Северная Осетия-Алания	10303	10017	286	7748	7987	-239	2555	2030
Чеченская Республика	37753	36523	1230	7042	6620	422	30711	29903
Ставропольский край	33014	32702	312	34512	35631	-1119	-1498	-2929
Приволжский федеральный округ	370893	364290	6603	449819	440281	9538	-78926	-75991
Республика Башкортостан	57093	55587	1506	54457	53227	1230	2636	2360
Республика Марий Эл	8857	8896	-39	10572	10435	137	-1715	-1539
Республика Мордовия	7974	8103	-129	13106	13027	79	-5132	-4924
Республика Татарстан	48791	46605	2186	49713	47892	1821	-922	-1287
Удмуртская Республика	21684	21109	575	21100	20227	873	584	882
Чувашская Республика	16174	16103	71	18186	17492	694	-2012	-1389
Пермский край	37304	36043	1261	40371	40609	-238	-3067	-4566
Кировская область	15803	15897	-94	22514	23176	-662	-6711	-7279
Нижегородская область	36281	36224	57	59241	58197	1044	-22960	-21973
Оренбургская область	28601	28144	457	29572	29215	357	-971	-1071
Пензенская область	14115	14212	-97	22064	21785	279	-7949	-7573
Самарская область	37231	36309	922	48910	47044	1866	-11679	-10735
Саратовская область	27269	27444	-175	39610	38532	1078	-12341	-11088
Ульяновская область	13716	13614	102	20403	19423	980	-6687	-5809
Уральский федеральный округ	170489	166808	3681	156698	158107	-1409	13791	8701
Курганская область	11816	11943	-127	14626	14889	-263	-2810	-2946
Свердловская область	57540	56323	1217	61486	63045	-1559	-3946	-6722
Тюменская область	54521	52992	1529	30502	30139	363	24019	22853
  Ханты-Мансийский автономный округ - Югра	25089	23840	1249	10447	10107	340	14642	13733
  Ямало-Ненецкий автономный округ	8263	8216	47	2873	2924	-51	5390	5292
Челябинская область	46612	45550	1062	50084	50034	50	-3472	-4484
Сибирский федеральный округ	272171	273469	-1298	273022	272248	774	-851	1221
Республика Алтай	4224	4266	-42	2508	2492	16	1716	1774
Республика Бурятия	16506	16729	-223	12361	12466	-105	4145	4263
Республика Тыва	8262	8242	20	3566	3666	-100	4696	4576
Республика Хакасия	8014	8062	-48	7373	7255	118	641	807
Алтайский край	30853	30906	-53	36369	35774	595	-5516	-4868
Забайкальский край	17577	17816	-239	15331	15255	76	2246	2561
Красноярский край	38527	38150	377	38131	37635	496	396	515
Иркутская область	36935	38073	-1138	35105	34898	207	1830	3175
Кемеровская область	36370	37599	-1229	44522	44856	-334	-8152	-7257
Новосибирская область	35073	34249	824	37055	37203	-148	-1982	-2954
Oмская область	26203	25639	564	27504	27342	162	-1301	-1703
Томская область	13627	13738	-111	13197	13406	-209	430	332
Дальневосточный федеральный округ	83016	83772	-756	86702	85562	1140	-3686	-1790
Республика Саха (Якутия)	16109	15970	139	9402	9353	49	6707	6617
Камчатский край	3880	4074	-194	4067	4045	22	-187	29
Приморский край	23164	23469	-305	27974	27458	516	-4810	-3989
Хабаровский край	17407	17573	-166	19611	19115	496	-2204	-1542
Амурская область	11479	11397	82	12740	12629	111	-1261	-1232
Магаданская область	1807	1960	-153	2052	2164	-112	-245	-204
Сахалинская область	6016	6196	-180	7422	7419	3	-1406	-1223
Еврейская автономная область	2408	2438	-30	2736	2739	-3	-328	-301
Чукотский автономный округ	746	695	51	698	640	58	48	55
2. РОДИВШИЕСЯ. УМЕРШИЕ И ЕСТЕСТВЕННЫЙ ПРИРОСТ НАСЕЛЕНИЯ ПО СУБЪЕКТАМ РОССИЙСКОЙ ФЕДЕРАЦИИ								
								
	  Число родившихся		Прирост. снижение           /-/	  Число  умерших		Прирост. снижение           /-/	Естественный прирост. убыль (-)	
								
	2010г.	2009г.		2010г.	2009г.		2010г.	2009г.
								
РОССИЙСКАЯ ФЕДЕРАЦИЯ	1788948	1761687	27261	2028516	2010543	17973	-239568	-248856
Центральный федеральный округ	410374	400644	9730	583581	574534	9047	-173207	-173890
Белгородская область	16635	16845	-210	22027	22011	16	-5392	-5166
Брянская область	13727	14401	-674	21775	21964	-189	-8048	-7563
Владимирская область	15542	15551	-9	26082	26407	-325	-10540	-10856
Воронежская область	23804	23559	245	39767	38581	1186	-15963	-15022
Ивановская область	11078	11390	-312	19604	19887	-283	-8526	-8497
Калужская область	11131	10537	594	16730	16762	-32	-5599	-6225
Костромская область	8104	8155	-51	11861	11900	-39	-3757	-3745
Курская область	12587	12462	125	19852	20236	-384	-7265	-7774
Липецкая область	12803	12654	149	19582	19145	437	-6779	-6491
Московская область	76881	74137	2744	108957	107079	1878	-32076	-32942
Орловская область	8687	8447	240	13724	13498	226	-5037	-5051
Рязанская область	11844	11643	201	20964	20573	391	-9120	-8930
Смоленская область	10307	10486	-179	18137	18660	-523	-7830	-8174
Тамбовская область	10350	10146	204	19198	18887	311	-8848	-8741
Тверская область	14864	15084	-220	27333	27238	95	-12469	-12154
Тульская область	14723	14751	-28	30049	29964	85	-15326	-15213
Ярославская область	14345	14315	30	21907	21665	242	-7562	-7350
г.Москва	122962	116081	6881	126032	120077	5955	-3070	-3996
Северо-Западный федеральный округ	154900	151712	3188	202813	204586	-1773	-47913	-52874
Республика Карелия	7792	7884	-92	10451	10599	-148	-2659	-2715
Республика Коми	11648	11868	-220	11819	12182	-363	-171	-314
Архангельская область	15466	15499	-33	17975	18067	-92	-2509	-2568
  Ненецкий автономный округ	699	695	4	500	495	5	199	200
Вологодская область	15102	15095	7	20174	19742	432	-5072	-4647
Калининградская область	10699	10823	-124	13317	13656	-339	-2618	-2833
Ленинградская область	15032	15023	9	27097	27732	-635	-12065	-12709
Мурманская область	9320	9074	246	9513	10050	-537	-193	-976
Новгородская область	7203	7178	25	12751	13137	-386	-5548	-5959
Псковская область	7078	7171	-93	14322	14502	-180	-7244	-7331
г.Санкт-Петербург	55560	52097	3463	65394	64919	475	-9834	-12822
Южный федеральный округ	164085	163419	666	194892	193256	1636	-30807	-29837
Республика Адыгея	5688	5513	175	6188	6219	-31	-500	-706
Республика Калмыкия	4432	4270	162	3191	3115	76	1241	1155
Краснодарский край	63624	63730	-106	70728	70497	231	-7104	-6767
Астраханская область	14307	14279	28	13636	13459	177	671	820
Волгоградская область	29427	29507	-80	38270	37670	600	-8843	-8163
Ростовская область	46607	46120	487	62879	62296	583	-16272	-16176
Северо-Кавказский федеральный округ	163020	157573	5447	80989	81969	-980	82031	75604
Республика Дагестан	52057	50416	1641	17013	16737	276	35044	33679
Республика Ингушетия	11178	9572	1606	1857	1877	-20	9321	7695
Кабардино-Балкарская Республика	12576	12143	433	8080	8406	-326	4496	3737
Карачаево-Черкесская Республика	6139	6200	-61	4737	4711	26	1402	1489
Республика Северная Осетия-Алания	10303	10017	286	7748	7987	-239	2555	2030
Чеченская Республика	37753	36523	1230	7042	6620	422	30711	29903
Ставропольский край	33014	32702	312	34512	35631	-1119	-1498	-2929
Приволжский федеральный округ	370893	364290	6603	449819	440281	9538	-78926	-75991
Республика Башкортостан	57093	55587	1506	54457	53227	1230	2636	2360
Республика Марий Эл	8857	8896	-39	10572	10435	137	-1715	-1539
Республика Мордовия	7974	8103	-129	13106	13027	79	-5132	-4924
Республика Татарстан	48791	46605	2186	49713	47892	1821	-922	-1287
Удмуртская Республика	21684	21109	575	21100	20227	873	584	882
Чувашская Республика	16174	16103	71	18186	17492	694	-2012	-1389
Пермский край	37304	36043	1261	40371	40609	-238	-3067	-4566
Кировская область	15803	15897	-94	22514	23176	-662	-6711	-7279
Нижегородская область	36281	36224	57	59241	58197	1044	-22960	-21973
Оренбургская область	28601	28144	457	29572	29215	357	-971	-1071
Пензенская область	14115	14212	-97	22064	21785	279	-7949	-7573
Самарская область	37231	36309	922	48910	47044	1866	-11679	-10735
Саратовская область	27269	27444	-175	39610	38532	1078	-12341	-11088
Ульяновская область	13716	13614	102	20403	19423	980	-6687	-5809
Уральский федеральный округ	170489	166808	3681	156698	158107	-1409	13791	8701
Курганская область	11816	11943	-127	14626	14889	-263	-2810	-2946
Свердловская область	57540	56323	1217	61486	63045	-1559	-3946	-6722
Тюменская область	54521	52992	1529	30502	30139	363	24019	22853
  Ханты-Мансийский автономный округ - Югра	25089	23840	1249	10447	10107	340	14642	13733
  Ямало-Ненецкий автономный округ	8263	8216	47	2873	2924	-51	5390	5292
Челябинская область	46612	45550	1062	50084	50034	50	-3472	-4484
Сибирский федеральный округ	272171	273469	-1298	273022	272248	774	-851	1221
Республика Алтай	4224	4266	-42	2508	2492	16	1716	1774
Республика Бурятия	16506	16729	-223	12361	12466	-105	4145	4263
Республика Тыва	8262	8242	20	3566	3666	-100	4696	4576
Республика Хакасия	8014	8062	-48	7373	7255	118	641	807
Алтайский край	30853	30906	-53	36369	35774	595	-5516	-4868
Забайкальский край	17577	17816	-239	15331	15255	76	2246	2561
Красноярский край	38527	38150	377	38131	37635	496	396	515
Иркутская область	36935	38073	-1138	35105	34898	207	1830	3175
Кемеровская область	36370	37599	-1229	44522	44856	-334	-8152	-7257
Новосибирская область	35073	34249	824	37055	37203	-148	-1982	-2954
Oмская область	26203	25639	564	27504	27342	162	-1301	-1703
Томская область	13627	13738	-111	13197	13406	-209	430	332
Дальневосточный федеральный округ	83016	83772	-756	86702	85562	1140	-3686	-1790
Республика Саха (Якутия)	16109	15970	139	9402	9353	49	6707	6617
Камчатский край	3880	4074	-194	4067	4045	22	-187	29
Приморский край	23164	23469	-305	27974	27458	516	-4810	-3989
Хабаровский край	17407	17573	-166	19611	19115	496	-2204	-1542
Амурская область	11479	11397	82	12740	12629	111	-1261	-1232
Магаданская область	1807	1960	-153	2052	2164	-112	-245	-204
Сахалинская область	6016	6196	-180	7422	7419	3	-1406	-1223
Еврейская автономная область	2408	2438	-30	2736	2739	-3	-328	-301
Чукотский автономный округ	746	695	51	698	640	58	48	55
