"2. РОДИВШИЕСЯ, УМЕРШИЕ И ЕСТЕСТВЕННЫЙ ПРИРОСТ НАСЕЛЕНИЯ ПО СУБЪЕКТАМ 
РОССИЙСКОЙ ФЕДЕРАЦИИ В 2023 ГОДУ"						
						
						
	Человек			На 1000 человек населения		
	  Число родившихся	  Число  умерших	Естественный прирост, убыль (-)	  Число родившихся	  Число  умерших	Естественный прирост, убыль ( - )
РОССИЙСКАЯ ФЕДЕРАЦИЯ	1264354	1764618	-500264	8,6	12,1	-3,5
Центральный федеральный округ	320604	484607	-164003	8	12	-4
Белгородская область	10013	20232	-10219	6,6	13,4	-6,8
Брянская область	7933	16446	-8513	6,9	14,3	-7,4
Владимирская область	8449	20429	-11980	6,4	15,5	-9,1
Воронежская область	16403	32660	-16257	7,2	14,3	-7,1
Ивановская область	6578	14631	-8053	7,2	16,1	-8,9
Калужская область	8241	14132	-5891	7,7	13,2	-5,5
Костромская область	4448	8819	-4371	7,8	15,5	-7,7
Курская область	7588	15421	-7833	7,1	14,5	-7,4
Липецкая область	7943	16198	-8255	7,1	14,4	-7,3
Московская область	72999	94780	-21781	8,5	11	-2,5
Орловская область	4628	10948	-6320	6,6	15,7	-9,1
Рязанская область	6511	16098	-9587	6	14,8	-8,8
Смоленская область	5065	13167	-8102	5,8	15,2	-9,4
Тамбовская область	6303	14880	-8577	6,6	15,5	-8,9
Тверская область	8390	19593	-11203	7	16,3	-9,3
Тульская область	9462	22397	-12935	6,4	15,2	-8,8
Ярославская область	9030	17776	-8746	7,6	14,9	-7,3
г.Москва	120620	116000	4620	9,2	8,8	0,4
Северо-Западный федеральный округ	108189	170875	-62686	7,8	12,3	-4,5
Республика Карелия	4243	8682	-4439	8,1	16,5	-8,4
Республика Коми	6311	9716	-3405	8,7	13,4	-4,7
Архангельская область	7744	14095	-6351	7,7	14,1	-6,4
  Ненецкий автономный округ	508	438	70	12,2	10,5	1,7
Архангельская область без автономии	7236	13657	-6421	7,5	14,2	-6,7
Вологодская область	8846	15487	-6641	7,9	13,8	-5,9
Калининградская область	7558	12214	-4656	7,3	11,8	-4,5
Ленинградская область	11945	23049	-11104	5,9	11,4	-5,5
Мурманская область	5458	8382	-2924	8,3	12,7	-4,4
Новгородская область	3988	9250	-5262	7	16,1	-9,1
Псковская область	4080	9918	-5838	7	17	-10
г.Санкт-Петербург	48016	60082	-12066	8,6	10,7	-2,1
Южный федеральный округ	137588	208583	-70995	8,3	12,5	-4,2
Республика Адыгея	4338	5257	-919	8,7	10,5	-1,8
Республика Калмыкия	2408	2534	-126	9,1	9,5	-0,4
Республика Крым	15791	26424	-10633	8,3	13,8	-5,5
Краснодарский край	53026	71865	-18839	9,1	12,3	-3,2
Астраханская область	9423	11196	-1773	9,9	11,8	-1,9
Волгоградская область	16714	31545	-14831	6,8	12,8	-6
Ростовская область	32171	54112	-21941	7,7	13	-5,3
г. Севастополь	3717	5650	-1933	6,6	10,1	-3,5
Северо-Кавказский федеральный округ	127031	71277	55754	12,4	7	5,4
Республика Дагестан	42320	14566	27754	13,1	4,5	8,6
Республика Ингушетия	7914	1697	6217	15,1	3,2	11,9
Кабардино-Балкарская Республика	9922	6790	3132	11	7,5	3,5
Карачаево-Черкесская Республика	4433	3952	481	9,5	8,4	1,1
Республика Северная Осетия-Алания	6986	6483	503	10,3	9,5	0,8
Чеченская Республика	30855	6604	24251	20	4,3	15,7
Ставропольский край	24601	31185	-6584	8,5	10,8	-2,3
Приволжский федеральный округ	230403	372095	-141692	8,1	13	-4,9
Республика Башкортостан	35388	47701	-12313	8,7	11,7	-3
Республика Марий Эл	5404	8399	-2995	8,1	12,5	-4,4
Республика Мордовия	4576	10203	-5627	6	13,3	-7,3
Республика Татарстан	36398	43092	-6694	9,1	10,8	-1,7
Удмуртская Республика	12131	17759	-5628	8,4	12,3	-3,9
Чувашская Республика	9491	14665	-5174	8,1	12,5	-4,4
Пермский край	22509	33368	-10859	9	13,3	-4,3
Кировская область	8451	17105	-8654	7,5	15,1	-7,6
Нижегородская область	23128	44762	-21634	7,5	14,6	-7,1
Оренбургская область	16027	25143	-9116	8,7	13,7	-5
Пензенская область	8249	18419	-10170	6,6	14,8	-8,2
Самарская область	23968	42271	-18303	7,6	13,5	-5,9
Саратовская область	15806	32600	-16794	6,6	13,6	-7
Ульяновская область	8877	16608	-7731	7,5	14,1	-6,6
Уральский федеральный округ	117263	141608	-24345	9,6	11,5	-1,9
Курганская область	5990	12413	-6423	7,9	16,4	-8,5
Свердловская область	38497	56116	-17619	9,1	13,3	-4,2
Тюменская область	42593	29553	13040	11	7,6	3,4
  Ханты-Мансийский автономный округ - Югра	18765	10772	7993	10,8	6,2	4,6
  Ямало-Ненецкий автономный округ	6645	2816	3829	12,9	5,5	7,4
Тюменская область без автономий	17183	15965	1218	10,7	9,9	0,8
Челябинская область	30183	43526	-13343	8,9	12,8	-3,9
Сибирский федеральный округ	146686	215641	-68955	8,8	13	-4,2
Республика Алтай	2689	2254	435	12,8	10,7	2,1
Республика Тыва	5759	2994	2765	17,1	8,9	8,2
Республика Хакасия	4804	6730	-1926	9,1	12,7	-3,6
Алтайский край	16610	30542	-13932	7,8	14,4	-6,6
Красноярский край	25792	34873	-9081	9,1	12,3	-3,2
Иркутская область	23273	31045	-7772	10	13,3	-3,3
Кемеровская область	18570	35634	-17064	7,3	13,9	-6,6
Новосибирская область	25978	35671	-9693	9,3	12,8	-3,5
Oмская область	15161	23987	-8826	8,3	13,1	-4,8
Томская область	8050	11911	-3861	7,7	11,4	-3,7
Дальневосточный федеральный округ	76590	99932	-23342	9,7	12,7	-3
Республика Бурятия	10232	11496	-1264	10,5	11,8	-1,3
Республика Саха (Якутия)	11156	7810	3346	11,2	7,8	3,4
Забайкальский край	10414	13546	-3132	10,5	13,7	-3,2
Камчатский край	2945	3415	-470	10,2	11,8	-1,6
Приморский край	15767	25592	-9825	8,7	14,1	-5,4
Хабаровский край	11628	17077	-5449	9,1	13,3	-4,2
Амурская область	6917	10607	-3690	9,2	14,1	-4,9
Магаданская область	1105	1621	-516	8,3	12,1	-3,8
Сахалинская область	4568	6192	-1624	10	13,5	-3,5
Еврейская автономная область	1335	2092	-757	9,1	14,3	-5,2
Чукотский автономный округ	523	484	39	10,9	10,1	0,8
"2. РОДИВШИЕСЯ. УМЕРШИЕ И ЕСТЕСТВЕННЫЙ ПРИРОСТ НАСЕЛЕНИЯ ПО СУБЪЕКТАМ 
РОССИЙСКОЙ ФЕДЕРАЦИИ В 2023 ГОДУ"						
						
						
	Человек			На 1000 человек населения		
	  Число родившихся	  Число  умерших	Естественный прирост. убыль (-)	  Число родившихся	  Число  умерших	Естественный прирост. убыль ( - )
РОССИЙСКАЯ ФЕДЕРАЦИЯ	1264354	1764618	-500264	8.6	12.1	-3.5
Центральный федеральный округ	320604	484607	-164003	8	12	-4
Белгородская область	10013	20232	-10219	6.6	13.4	-6.8
Брянская область	7933	16446	-8513	6.9	14.3	-7.4
Владимирская область	8449	20429	-11980	6.4	15.5	-9.1
Воронежская область	16403	32660	-16257	7.2	14.3	-7.1
Ивановская область	6578	14631	-8053	7.2	16.1	-8.9
Калужская область	8241	14132	-5891	7.7	13.2	-5.5
Костромская область	4448	8819	-4371	7.8	15.5	-7.7
Курская область	7588	15421	-7833	7.1	14.5	-7.4
Липецкая область	7943	16198	-8255	7.1	14.4	-7.3
Московская область	72999	94780	-21781	8.5	11	-2.5
Орловская область	4628	10948	-6320	6.6	15.7	-9.1
Рязанская область	6511	16098	-9587	6	14.8	-8.8
Смоленская область	5065	13167	-8102	5.8	15.2	-9.4
Тамбовская область	6303	14880	-8577	6.6	15.5	-8.9
Тверская область	8390	19593	-11203	7	16.3	-9.3
Тульская область	9462	22397	-12935	6.4	15.2	-8.8
Ярославская область	9030	17776	-8746	7.6	14.9	-7.3
г.Москва	120620	116000	4620	9.2	8.8	0.4
Северо-Западный федеральный округ	108189	170875	-62686	7.8	12.3	-4.5
Республика Карелия	4243	8682	-4439	8.1	16.5	-8.4
Республика Коми	6311	9716	-3405	8.7	13.4	-4.7
Архангельская область	7744	14095	-6351	7.7	14.1	-6.4
  Ненецкий автономный округ	508	438	70	12.2	10.5	1.7
Архангельская область без автономии	7236	13657	-6421	7.5	14.2	-6.7
Вологодская область	8846	15487	-6641	7.9	13.8	-5.9
Калининградская область	7558	12214	-4656	7.3	11.8	-4.5
Ленинградская область	11945	23049	-11104	5.9	11.4	-5.5
Мурманская область	5458	8382	-2924	8.3	12.7	-4.4
Новгородская область	3988	9250	-5262	7	16.1	-9.1
Псковская область	4080	9918	-5838	7	17	-10
г.Санкт-Петербург	48016	60082	-12066	8.6	10.7	-2.1
Южный федеральный округ	137588	208583	-70995	8.3	12.5	-4.2
Республика Адыгея	4338	5257	-919	8.7	10.5	-1.8
Республика Калмыкия	2408	2534	-126	9.1	9.5	-0.4
Республика Крым	15791	26424	-10633	8.3	13.8	-5.5
Краснодарский край	53026	71865	-18839	9.1	12.3	-3.2
Астраханская область	9423	11196	-1773	9.9	11.8	-1.9
Волгоградская область	16714	31545	-14831	6.8	12.8	-6
Ростовская область	32171	54112	-21941	7.7	13	-5.3
г. Севастополь	3717	5650	-1933	6.6	10.1	-3.5
Северо-Кавказский федеральный округ	127031	71277	55754	12.4	7	5.4
Республика Дагестан	42320	14566	27754	13.1	4.5	8.6
Республика Ингушетия	7914	1697	6217	15.1	3.2	11.9
Кабардино-Балкарская Республика	9922	6790	3132	11	7.5	3.5
Карачаево-Черкесская Республика	4433	3952	481	9.5	8.4	1.1
Республика Северная Осетия-Алания	6986	6483	503	10.3	9.5	0.8
Чеченская Республика	30855	6604	24251	20	4.3	15.7
Ставропольский край	24601	31185	-6584	8.5	10.8	-2.3
Приволжский федеральный округ	230403	372095	-141692	8.1	13	-4.9
Республика Башкортостан	35388	47701	-12313	8.7	11.7	-3
Республика Марий Эл	5404	8399	-2995	8.1	12.5	-4.4
Республика Мордовия	4576	10203	-5627	6	13.3	-7.3
Республика Татарстан	36398	43092	-6694	9.1	10.8	-1.7
Удмуртская Республика	12131	17759	-5628	8.4	12.3	-3.9
Чувашская Республика	9491	14665	-5174	8.1	12.5	-4.4
Пермский край	22509	33368	-10859	9	13.3	-4.3
Кировская область	8451	17105	-8654	7.5	15.1	-7.6
Нижегородская область	23128	44762	-21634	7.5	14.6	-7.1
Оренбургская область	16027	25143	-9116	8.7	13.7	-5
Пензенская область	8249	18419	-10170	6.6	14.8	-8.2
Самарская область	23968	42271	-18303	7.6	13.5	-5.9
Саратовская область	15806	32600	-16794	6.6	13.6	-7
Ульяновская область	8877	16608	-7731	7.5	14.1	-6.6
Уральский федеральный округ	117263	141608	-24345	9.6	11.5	-1.9
Курганская область	5990	12413	-6423	7.9	16.4	-8.5
Свердловская область	38497	56116	-17619	9.1	13.3	-4.2
Тюменская область	42593	29553	13040	11	7.6	3.4
  Ханты-Мансийский автономный округ - Югра	18765	10772	7993	10.8	6.2	4.6
  Ямало-Ненецкий автономный округ	6645	2816	3829	12.9	5.5	7.4
Тюменская область без автономий	17183	15965	1218	10.7	9.9	0.8
Челябинская область	30183	43526	-13343	8.9	12.8	-3.9
Сибирский федеральный округ	146686	215641	-68955	8.8	13	-4.2
Республика Алтай	2689	2254	435	12.8	10.7	2.1
Республика Тыва	5759	2994	2765	17.1	8.9	8.2
Республика Хакасия	4804	6730	-1926	9.1	12.7	-3.6
Алтайский край	16610	30542	-13932	7.8	14.4	-6.6
Красноярский край	25792	34873	-9081	9.1	12.3	-3.2
Иркутская область	23273	31045	-7772	10	13.3	-3.3
Кемеровская область	18570	35634	-17064	7.3	13.9	-6.6
Новосибирская область	25978	35671	-9693	9.3	12.8	-3.5
Oмская область	15161	23987	-8826	8.3	13.1	-4.8
Томская область	8050	11911	-3861	7.7	11.4	-3.7
Дальневосточный федеральный округ	76590	99932	-23342	9.7	12.7	-3
Республика Бурятия	10232	11496	-1264	10.5	11.8	-1.3
Республика Саха (Якутия)	11156	7810	3346	11.2	7.8	3.4
Забайкальский край	10414	13546	-3132	10.5	13.7	-3.2
Камчатский край	2945	3415	-470	10.2	11.8	-1.6
Приморский край	15767	25592	-9825	8.7	14.1	-5.4
Хабаровский край	11628	17077	-5449	9.1	13.3	-4.2
Амурская область	6917	10607	-3690	9.2	14.1	-4.9
Магаданская область	1105	1621	-516	8.3	12.1	-3.8
Сахалинская область	4568	6192	-1624	10	13.5	-3.5
Еврейская автономная область	1335	2092	-757	9.1	14.3	-5.2
Чукотский автономный округ	523	484	39	10.9	10.1	0.8
"2. РОДИВШИЕСЯ. УМЕРШИЕ И ЕСТЕСТВЕННЫЙ ПРИРОСТ НАСЕЛЕНИЯ ПО СУБЪЕКТАМ 
РОССИЙСКОЙ ФЕДЕРАЦИИ В 2023 ГОДУ"						
						
						
	Человек			На 1000 человек населения		
	  Число родившихся	  Число  умерших	Естественный прирост. убыль (-)	  Число родившихся	  Число  умерших	Естественный прирост. убыль ( - )
РОССИЙСКАЯ ФЕДЕРАЦИЯ	1264354	1764618	-500264	8.6	12.1	-3.5
Центральный федеральный округ	320604	484607	-164003	8	12	-4
Белгородская область	10013	20232	-10219	6.6	13.4	-6.8
Брянская область	7933	16446	-8513	6.9	14.3	-7.4
Владимирская область	8449	20429	-11980	6.4	15.5	-9.1
Воронежская область	16403	32660	-16257	7.2	14.3	-7.1
Ивановская область	6578	14631	-8053	7.2	16.1	-8.9
Калужская область	8241	14132	-5891	7.7	13.2	-5.5
Костромская область	4448	8819	-4371	7.8	15.5	-7.7
Курская область	7588	15421	-7833	7.1	14.5	-7.4
Липецкая область	7943	16198	-8255	7.1	14.4	-7.3
Московская область	72999	94780	-21781	8.5	11	-2.5
Орловская область	4628	10948	-6320	6.6	15.7	-9.1
Рязанская область	6511	16098	-9587	6	14.8	-8.8
Смоленская область	5065	13167	-8102	5.8	15.2	-9.4
Тамбовская область	6303	14880	-8577	6.6	15.5	-8.9
Тверская область	8390	19593	-11203	7	16.3	-9.3
Тульская область	9462	22397	-12935	6.4	15.2	-8.8
Ярославская область	9030	17776	-8746	7.6	14.9	-7.3
г.Москва	120620	116000	4620	9.2	8.8	0.4
Северо-Западный федеральный округ	108189	170875	-62686	7.8	12.3	-4.5
Республика Карелия	4243	8682	-4439	8.1	16.5	-8.4
Республика Коми	6311	9716	-3405	8.7	13.4	-4.7
Архангельская область	7744	14095	-6351	7.7	14.1	-6.4
  Ненецкий автономный округ	508	438	70	12.2	10.5	1.7
Архангельская область без автономии	7236	13657	-6421	7.5	14.2	-6.7
Вологодская область	8846	15487	-6641	7.9	13.8	-5.9
Калининградская область	7558	12214	-4656	7.3	11.8	-4.5
Ленинградская область	11945	23049	-11104	5.9	11.4	-5.5
Мурманская область	5458	8382	-2924	8.3	12.7	-4.4
Новгородская область	3988	9250	-5262	7	16.1	-9.1
Псковская область	4080	9918	-5838	7	17	-10
г.Санкт-Петербург	48016	60082	-12066	8.6	10.7	-2.1
Южный федеральный округ	137588	208583	-70995	8.3	12.5	-4.2
Республика Адыгея	4338	5257	-919	8.7	10.5	-1.8
Республика Калмыкия	2408	2534	-126	9.1	9.5	-0.4
Республика Крым	15791	26424	-10633	8.3	13.8	-5.5
Краснодарский край	53026	71865	-18839	9.1	12.3	-3.2
Астраханская область	9423	11196	-1773	9.9	11.8	-1.9
Волгоградская область	16714	31545	-14831	6.8	12.8	-6
Ростовская область	32171	54112	-21941	7.7	13	-5.3
г. Севастополь	3717	5650	-1933	6.6	10.1	-3.5
Северо-Кавказский федеральный округ	127031	71277	55754	12.4	7	5.4
Республика Дагестан	42320	14566	27754	13.1	4.5	8.6
Республика Ингушетия	7914	1697	6217	15.1	3.2	11.9
Кабардино-Балкарская Республика	9922	6790	3132	11	7.5	3.5
Карачаево-Черкесская Республика	4433	3952	481	9.5	8.4	1.1
Республика Северная Осетия-Алания	6986	6483	503	10.3	9.5	0.8
Чеченская Республика	30855	6604	24251	20	4.3	15.7
Ставропольский край	24601	31185	-6584	8.5	10.8	-2.3
Приволжский федеральный округ	230403	372095	-141692	8.1	13	-4.9
Республика Башкортостан	35388	47701	-12313	8.7	11.7	-3
Республика Марий Эл	5404	8399	-2995	8.1	12.5	-4.4
Республика Мордовия	4576	10203	-5627	6	13.3	-7.3
Республика Татарстан	36398	43092	-6694	9.1	10.8	-1.7
Удмуртская Республика	12131	17759	-5628	8.4	12.3	-3.9
Чувашская Республика	9491	14665	-5174	8.1	12.5	-4.4
Пермский край	22509	33368	-10859	9	13.3	-4.3
Кировская область	8451	17105	-8654	7.5	15.1	-7.6
Нижегородская область	23128	44762	-21634	7.5	14.6	-7.1
Оренбургская область	16027	25143	-9116	8.7	13.7	-5
Пензенская область	8249	18419	-10170	6.6	14.8	-8.2
Самарская область	23968	42271	-18303	7.6	13.5	-5.9
Саратовская область	15806	32600	-16794	6.6	13.6	-7
Ульяновская область	8877	16608	-7731	7.5	14.1	-6.6
Уральский федеральный округ	117263	141608	-24345	9.6	11.5	-1.9
Курганская область	5990	12413	-6423	7.9	16.4	-8.5
Свердловская область	38497	56116	-17619	9.1	13.3	-4.2
Тюменская область	42593	29553	13040	11	7.6	3.4
  Ханты-Мансийский автономный округ - Югра	18765	10772	7993	10.8	6.2	4.6
  Ямало-Ненецкий автономный округ	6645	2816	3829	12.9	5.5	7.4
Тюменская область без автономий	17183	15965	1218	10.7	9.9	0.8
Челябинская область	30183	43526	-13343	8.9	12.8	-3.9
Сибирский федеральный округ	146686	215641	-68955	8.8	13	-4.2
Республика Алтай	2689	2254	435	12.8	10.7	2.1
Республика Тыва	5759	2994	2765	17.1	8.9	8.2
Республика Хакасия	4804	6730	-1926	9.1	12.7	-3.6
Алтайский край	16610	30542	-13932	7.8	14.4	-6.6
Красноярский край	25792	34873	-9081	9.1	12.3	-3.2
Иркутская область	23273	31045	-7772	10	13.3	-3.3
Кемеровская область	18570	35634	-17064	7.3	13.9	-6.6
Новосибирская область	25978	35671	-9693	9.3	12.8	-3.5
Oмская область	15161	23987	-8826	8.3	13.1	-4.8
Томская область	8050	11911	-3861	7.7	11.4	-3.7
Дальневосточный федеральный округ	76590	99932	-23342	9.7	12.7	-3
Республика Бурятия	10232	11496	-1264	10.5	11.8	-1.3
Республика Саха (Якутия)	11156	7810	3346	11.2	7.8	3.4
Забайкальский край	10414	13546	-3132	10.5	13.7	-3.2
Камчатский край	2945	3415	-470	10.2	11.8	-1.6
Приморский край	15767	25592	-9825	8.7	14.1	-5.4
Хабаровский край	11628	17077	-5449	9.1	13.3	-4.2
Амурская область	6917	10607	-3690	9.2	14.1	-4.9
Магаданская область	1105	1621	-516	8.3	12.1	-3.8
Сахалинская область	4568	6192	-1624	10	13.5	-3.5
Еврейская автономная область	1335	2092	-757	9.1	14.3	-5.2
Чукотский автономный округ	523	484	39	10.9	10.1	0.8
"2. РОДИВШИЕСЯ. УМЕРШИЕ И ЕСТЕСТВЕННЫЙ ПРИРОСТ НАСЕЛЕНИЯ ПО СУБЪЕКТАМ 
РОССИЙСКОЙ ФЕДЕРАЦИИ В 2023 ГОДУ"						
						
						
	Человек			На 1000 человек населения		
	  Число родившихся	  Число  умерших	Естественный прирост. убыль (-)	  Число родившихся	  Число  умерших	Естественный прирост. убыль ( - )
РОССИЙСКАЯ ФЕДЕРАЦИЯ	1264354	1764618	-500264	8.6	12.1	-3.5
Центральный федеральный округ	320604	484607	-164003	8	12	-4
Белгородская область	10013	20232	-10219	6.6	13.4	-6.8
Брянская область	7933	16446	-8513	6.9	14.3	-7.4
Владимирская область	8449	20429	-11980	6.4	15.5	-9.1
Воронежская область	16403	32660	-16257	7.2	14.3	-7.1
Ивановская область	6578	14631	-8053	7.2	16.1	-8.9
Калужская область	8241	14132	-5891	7.7	13.2	-5.5
Костромская область	4448	8819	-4371	7.8	15.5	-7.7
Курская область	7588	15421	-7833	7.1	14.5	-7.4
Липецкая область	7943	16198	-8255	7.1	14.4	-7.3
Московская область	72999	94780	-21781	8.5	11	-2.5
Орловская область	4628	10948	-6320	6.6	15.7	-9.1
Рязанская область	6511	16098	-9587	6	14.8	-8.8
Смоленская область	5065	13167	-8102	5.8	15.2	-9.4
Тамбовская область	6303	14880	-8577	6.6	15.5	-8.9
Тверская область	8390	19593	-11203	7	16.3	-9.3
Тульская область	9462	22397	-12935	6.4	15.2	-8.8
Ярославская область	9030	17776	-8746	7.6	14.9	-7.3
г.Москва	120620	116000	4620	9.2	8.8	0.4
Северо-Западный федеральный округ	108189	170875	-62686	7.8	12.3	-4.5
Республика Карелия	4243	8682	-4439	8.1	16.5	-8.4
Республика Коми	6311	9716	-3405	8.7	13.4	-4.7
Архангельская область	7744	14095	-6351	7.7	14.1	-6.4
  Ненецкий автономный округ	508	438	70	12.2	10.5	1.7
Архангельская область без автономии	7236	13657	-6421	7.5	14.2	-6.7
Вологодская область	8846	15487	-6641	7.9	13.8	-5.9
Калининградская область	7558	12214	-4656	7.3	11.8	-4.5
Ленинградская область	11945	23049	-11104	5.9	11.4	-5.5
Мурманская область	5458	8382	-2924	8.3	12.7	-4.4
Новгородская область	3988	9250	-5262	7	16.1	-9.1
Псковская область	4080	9918	-5838	7	17	-10
г.Санкт-Петербург	48016	60082	-12066	8.6	10.7	-2.1
Южный федеральный округ	137588	208583	-70995	8.3	12.5	-4.2
Республика Адыгея	4338	5257	-919	8.7	10.5	-1.8
Республика Калмыкия	2408	2534	-126	9.1	9.5	-0.4
Республика Крым	15791	26424	-10633	8.3	13.8	-5.5
Краснодарский край	53026	71865	-18839	9.1	12.3	-3.2
Астраханская область	9423	11196	-1773	9.9	11.8	-1.9
Волгоградская область	16714	31545	-14831	6.8	12.8	-6
Ростовская область	32171	54112	-21941	7.7	13	-5.3
г. Севастополь	3717	5650	-1933	6.6	10.1	-3.5
Северо-Кавказский федеральный округ	127031	71277	55754	12.4	7	5.4
Республика Дагестан	42320	14566	27754	13.1	4.5	8.6
Республика Ингушетия	7914	1697	6217	15.1	3.2	11.9
Кабардино-Балкарская Республика	9922	6790	3132	11	7.5	3.5
Карачаево-Черкесская Республика	4433	3952	481	9.5	8.4	1.1
Республика Северная Осетия-Алания	6986	6483	503	10.3	9.5	0.8
Чеченская Республика	30855	6604	24251	20	4.3	15.7
Ставропольский край	24601	31185	-6584	8.5	10.8	-2.3
Приволжский федеральный округ	230403	372095	-141692	8.1	13	-4.9
Республика Башкортостан	35388	47701	-12313	8.7	11.7	-3
Республика Марий Эл	5404	8399	-2995	8.1	12.5	-4.4
Республика Мордовия	4576	10203	-5627	6	13.3	-7.3
Республика Татарстан	36398	43092	-6694	9.1	10.8	-1.7
Удмуртская Республика	12131	17759	-5628	8.4	12.3	-3.9
Чувашская Республика	9491	14665	-5174	8.1	12.5	-4.4
Пермский край	22509	33368	-10859	9	13.3	-4.3
Кировская область	8451	17105	-8654	7.5	15.1	-7.6
Нижегородская область	23128	44762	-21634	7.5	14.6	-7.1
Оренбургская область	16027	25143	-9116	8.7	13.7	-5
Пензенская область	8249	18419	-10170	6.6	14.8	-8.2
Самарская область	23968	42271	-18303	7.6	13.5	-5.9
Саратовская область	15806	32600	-16794	6.6	13.6	-7
Ульяновская область	8877	16608	-7731	7.5	14.1	-6.6
Уральский федеральный округ	117263	141608	-24345	9.6	11.5	-1.9
Курганская область	5990	12413	-6423	7.9	16.4	-8.5
Свердловская область	38497	56116	-17619	9.1	13.3	-4.2
Тюменская область	42593	29553	13040	11	7.6	3.4
  Ханты-Мансийский автономный округ - Югра	18765	10772	7993	10.8	6.2	4.6
  Ямало-Ненецкий автономный округ	6645	2816	3829	12.9	5.5	7.4
Тюменская область без автономий	17183	15965	1218	10.7	9.9	0.8
Челябинская область	30183	43526	-13343	8.9	12.8	-3.9
Сибирский федеральный округ	146686	215641	-68955	8.8	13	-4.2
Республика Алтай	2689	2254	435	12.8	10.7	2.1
Республика Тыва	5759	2994	2765	17.1	8.9	8.2
Республика Хакасия	4804	6730	-1926	9.1	12.7	-3.6
Алтайский край	16610	30542	-13932	7.8	14.4	-6.6
Красноярский край	25792	34873	-9081	9.1	12.3	-3.2
Иркутская область	23273	31045	-7772	10	13.3	-3.3
Кемеровская область	18570	35634	-17064	7.3	13.9	-6.6
Новосибирская область	25978	35671	-9693	9.3	12.8	-3.5
Oмская область	15161	23987	-8826	8.3	13.1	-4.8
Томская область	8050	11911	-3861	7.7	11.4	-3.7
Дальневосточный федеральный округ	76590	99932	-23342	9.7	12.7	-3
Республика Бурятия	10232	11496	-1264	10.5	11.8	-1.3
Республика Саха (Якутия)	11156	7810	3346	11.2	7.8	3.4
Забайкальский край	10414	13546	-3132	10.5	13.7	-3.2
Камчатский край	2945	3415	-470	10.2	11.8	-1.6
Приморский край	15767	25592	-9825	8.7	14.1	-5.4
Хабаровский край	11628	17077	-5449	9.1	13.3	-4.2
Амурская область	6917	10607	-3690	9.2	14.1	-4.9
Магаданская область	1105	1621	-516	8.3	12.1	-3.8
Сахалинская область	4568	6192	-1624	10	13.5	-3.5
Еврейская автономная область	1335	2092	-757	9.1	14.3	-5.2
Чукотский автономный округ	523	484	39	10.9	10.1	0.8
